0,0,82,4,6,0x520406
0,1,70,16,25,0x461019
0,2,36,9,20,0x240914
0,3,45,4,21,0x2D0415
0,4,11,15,37,0x0B0F25
0,5,1,25,45,0x01192D
0,6,2,56,81,0x023851
0,7,21,51,45,0x15332D
0,8,11,50,21,0x0B3215
0,9,69,70,0,0x454600
0,10,101,72,30,0x65481E
0,11,146,61,6,0x923D06
0,12,182,43,2,0xB62B02
0,13,60,20,0,0x3C1400
0,14,44,27,25,0x2C1B19
0,15,41,40,35,0x292823
0,16,31,36,37,0x1F2425
0,17,28,29,35,0x1C1D23
1,0,121,5,7,0x790507
1,1,100,22,34,0x641622
1,2,66,20,35,0x421423
1,3,73,6,35,0x490623
1,4,16,22,59,0x10163B
1,5,0,43,81,0x002B51
1,6,7,80,114,0x075072
1,7,30,76,65,0x1E4C41
1,8,17,80,34,0x115022
1,9,114,119,0,0x727700
1,10,143,100,43,0x8F642B
1,11,171,81,13,0xAB510D
1,12,210,66,10,0xD2420A
1,13,114,35,0,0x722300
1,14,82,51,44,0x52332C
1,15,95,91,81,0x5F5B51
1,16,69,81,81,0x455151
1,17,61,66,78,0x3D424E
2,0,175,6,11,0xAF060B
2,1,150,33,50,0x962132
2,2,126,44,61,0x7E2C3D
2,3,129,10,58,0x810A3A
2,4,26,40,103,0x1A2867
2,5,0,72,141,0x00488D
2,6,19,126,164,0x137EA4
2,7,48,116,101,0x307465
2,8,27,138,56,0x1B8A38
2,9,168,172,5,0xA8AC05
2,10,189,147,60,0xBD933C
2,11,200,113,29,0xC8711D
2,12,238,106,29,0xEE6A1D
2,13,194,68,0,0xC24400
2,14,155,98,81,0x9B6251
2,15,193,187,172,0xC1BBAC
2,16,147,167,167,0x93A7A7
2,17,133,139,164,0x858BA4
3,0,220,8,13,0xDC080D
3,1,197,49,72,0xC53148
3,2,192,80,101,0xC05065
3,3,184,13,89,0xB80D59
3,4,42,61,161,0x2A3DA1
3,5,0,116,199,0x0074C7
3,6,37,176,210,0x25B0D2
3,7,70,165,149,0x46A595
3,8,42,193,84,0x2AC154
3,9,216,218,12,0xD8DA0C
3,10,229,193,84,0xE5C154
3,11,225,126,54,0xE17E36
3,12,255,161,60,0xFFA13C
3,13,247,113,0,0xF77100
3,14,214,153,129,0xD69981
3,15,248,245,233,0xF8F5E9
3,16,212,228,228,0xD4E4E4
3,17,197,203,226,0xC5CBE2
4,0,246,10,17,0xF60A11
4,1,228,61,94,0xE43D5E
4,2,229,119,141,0xE5778D
4,3,222,18,124,0xDE127C
4,4,58,88,206,0x3A58CE
4,5,0,156,234,0x009CEA
4,6,57,212,238,0x39D4EE
4,7,95,205,189,0x5FCDBD
4,8,57,228,116,0x39E474
4,9,244,243,21,0xF4F315
4,10,252,222,113,0xFCDE71
4,11,246,190,85,0xF6BE55
4,12,255,202,106,0xFFCA6A
4,13,255,156,0,0xFF9C00
4,14,240,187,161,0xF0BBA1
4,15,255,255,255,0xFFFFFF
4,16,241,253,252,0xF1FDFC
4,17,228,234,251,0xE4EAFB