0,0,70,16,17,0x461011
0,1,61,24,30,0x3D181E
0,2,32,13,21,0x200D15
0,3,38,10,22,0x260A16
0,4,15,18,33,0x0F1221
0,5,8,24,38,0x081826
0,6,14,51,69,0x0E3345
0,7,25,46,42,0x192E2A
0,8,17,44,24,0x112C18
0,9,58,59,11,0x3A3B0B
0,10,90,70,41,0x5A4629
0,11,124,65,27,0x7C411B
0,12,154,58,30,0x9A3A1E
0,13,50,23,9,0x321709
0,14,41,29,28,0x291D1C
0,15,40,39,36,0x282724
0,16,32,35,36,0x202324
0,17,29,30,34,0x1D1E22
1,0,103,23,24,0x671718
1,1,88,34,42,0x58222A
1,2,59,27,37,0x3B1B25
1,3,62,16,36,0x3E1024
1,4,22,26,52,0x161A34
1,5,12,42,68,0x0C2A44
1,6,23,73,97,0x174961
1,7,37,69,61,0x25453D
1,8,26,70,38,0x1A4626
1,9,96,100,18,0x606412
1,10,127,97,58,0x7F613A
1,11,146,84,37,0x925425
1,12,179,79,41,0xB34F29
1,13,96,41,17,0x602911
1,14,76,55,50,0x4C3732
1,15,93,90,83,0x5D5A53
1,16,71,79,79,0x474F4F
1,17,63,67,75,0x3F434B
2,0,149,32,36,0x952024
2,1,132,51,63,0x84333F
2,2,113,56,68,0x713844
2,3,110,28,61,0x6E1C3D
2,4,38,48,91,0x26305B
2,5,22,71,119,0x164777
2,6,41,114,141,0x29728D
2,7,58,105,95,0x3A695F
2,8,44,121,64,0x2C7940
2,9,143,146,31,0x8F921F
2,10,169,140,80,0xA98C50
2,11,173,113,55,0xAD7137
2,12,206,114,61,0xCE723D
2,13,164,77,30,0xA44D1E
2,14,143,104,92,0x8F685C
2,15,190,186,175,0xBEBAAF
2,16,150,164,164,0x96A4A4
2,17,138,142,159,0x8A8E9F
3,0,187,40,43,0xBB282B
3,1,174,72,88,0xAE4858
3,2,174,97,111,0xAE616F
3,3,157,39,91,0x9D275B
3,4,60,72,142,0x3C488E
3,5,30,110,168,0x1E6EA8
3,6,63,159,183,0x3F9FB7
3,7,84,150,139,0x54968B
3,8,65,169,94,0x41A95E
3,9,184,186,44,0xB8BA2C
3,10,206,181,106,0xCEB56A
3,11,198,150,80,0xC69650
3,12,225,160,90,0xE1A05A
3,13,209,116,38,0xD17426
3,14,201,159,142,0xC99F8E
3,15,245,243,235,0xF5F3EB
3,16,214,225,225,0xD6E1E1
3,17,201,205,221,0xC9CDDD
4,0,209,46,51,0xD12E33
4,1,202,87,109,0xCA576D
4,2,212,136,151,0xD48897
4,3,190,49,122,0xBE317A
4,4,81,102,183,0x5166B7
4,5,36,144,198,0x2490C6
4,6,85,191,210,0x55BFD2
4,7,112,188,177,0x70BCB1
4,8,83,201,124,0x53C97C
4,9,209,208,55,0xD1D037
4,10,230,209,134,0xE6D186
4,11,221,182,110,0xDDB66E
4,12,232,195,129,0xE8C381
4,13,215,146,39,0xD79227
4,14,228,191,173,0xE4BFAD
4,15,255,255,255,0xFFFFFF
4,16,243,251,250,0xF3FBFA
4,17,231,235,247,0xE7EBF7
