0,0,160,198,232,0xA0C6E8
0,1,196,145,186,0xC491BA
0,2,239,174,216,0xEFAED8
0,3,219,151,207,0xDB97CF
0,4,255,132,210,0xFF84D2
0,5,255,168,223,0xFFA8DF
0,6,95,106,117,0x5F6A75
0,7,73,85,99,0x495563
0,8,53,67,83,0x354353
0,9,36,52,69,0x243445
0,10,192,85,49,0xC05531
0,11,202,72,27,0xCA481B
0,12,219,76,26,0xDB4C1A
0,13,233,79,25,0xE94F19
0,14,183,71,36,0xB74724
0,15,59,91,118,0x3B5B76
0,16,100,137,166,0x6489A6
0,17,164,209,242,0xA4D1F2
1,0,155,183,217,0x9BB7D9
1,1,184,136,177,0xB888B1
1,2,230,168,210,0xE6A8D2
1,3,214,146,206,0xD692CE
1,4,249,133,208,0xF985D0
1,5,245,172,218,0xF5ACDA
1,6,124,133,141,0x7C858D
1,7,101,111,122,0x656F7A
1,8,78,90,103,0x4E5A67
1,9,57,72,86,0x394856
1,10,184,95,65,0xB85F41
1,11,169,66,29,0xA9421D
1,12,190,70,28,0xBE461C
1,13,208,74,27,0xD04A1B
1,14,161,68,41,0xA14429
1,15,52,83,110,0x34536E
1,16,94,131,158,0x5E839E
1,17,150,193,225,0x96C1E1
2,0,149,164,200,0x95A4C8
2,1,165,124,164,0xA57CA4
2,2,219,160,202,0xDBA0CA
2,3,206,139,203,0xCE8BCB
2,4,239,134,206,0xEF86CE
2,5,231,177,212,0xE7B1D4
2,6,154,159,165,0x9A9FA5
2,7,130,138,146,0x828A92
2,8,107,116,127,0x6B747F
2,9,84,95,108,0x545F6C
2,10,176,105,83,0xB06953
2,11,134,59,32,0x863B20
2,12,155,63,31,0x9B3F1F
2,13,176,67,29,0xB0431D
2,14,137,64,46,0x89402E
2,15,41,71,97,0x294761
2,16,85,122,147,0x557A93
2,17,128,169,200,0x80A9C8
3,0,142,145,181,0x8E91B5
3,1,145,109,149,0x916D95
3,2,206,152,193,0xCE98C1
3,3,197,132,200,0xC584C8
3,4,229,135,203,0xE587CB
3,5,215,183,205,0xD7B7CD
3,6,181,184,188,0xB5B8BC
3,7,159,165,170,0x9FA5AA
3,8,136,144,151,0x889097
3,9,113,122,132,0x717A84
3,10,168,116,100,0xA87464
3,11,101,52,35,0x653423
3,12,121,56,33,0x793821
3,13,142,60,32,0x8E3C20
3,14,113,60,51,0x713C33
3,15,30,58,84,0x1E3A54
3,16,74,111,135,0x4A6F87
3,17,105,142,172,0x698EAC
4,0,136,126,163,0x887EA3
4,1,126,97,136,0x7E6188
4,2,195,144,185,0xC390B9
4,3,190,125,198,0xBE7DC6
4,4,219,136,201,0xDB88C9
4,5,200,188,198,0xC8BCC6
4,6,203,204,206,0xCBCCCE
4,7,186,188,192,0xBABCC0
4,8,165,170,175,0xA5AAAF
4,9,142,149,156,0x8E959C
4,10,160,126,118,0xA07E76
4,11,73,46,37,0x492E25
4,12,89,49,35,0x593123
4,13,107,53,34,0x6B3522
4,14,89,57,56,0x593938
4,15,19,46,71,0x132E47
4,16,65,102,124,0x41667C
4,17,83,118,147,0x537693