0,0,105,119,133,0x697785
0,1,230,213,111,0xE6D56F
0,2,19,177,233,0x13B1E9
0,3,203,47,47,0xCB2F2F
0,4,127,172,184,0x7FACB8
0,5,32,236,20,0x20EC14
0,6,222,205,157,0xDECD9D
0,7,138,222,107,0x8ADE6B
0,8,236,222,20,0xECDE14
0,9,242,240,233,0xF2F0E9
0,10,108,180,243,0x6CB4F3
0,11,236,20,20,0xEC1414
0,12,91,63,110,0x5B3F6E
0,13,162,191,165,0xA2BFA5
0,14,90,209,104,0x5AD168
0,15,249,243,234,0xF9F3EA
0,16,220,170,127,0xDCAA7F
0,17,236,157,20,0xEC9D14
1,0,95,107,121,0x5F6B79
1,1,229,209,109,0xE5D16D
1,2,20,168,215,0x14A8D7
1,3,196,50,50,0xC43232
1,4,116,158,170,0x749EAA
1,5,35,218,19,0x23DA13
1,6,216,199,150,0xD8C796
1,7,131,213,99,0x83D563
1,8,236,215,20,0xECD714
1,9,233,240,233,0xE9F0E9
1,10,103,175,238,0x67AFEE
1,11,219,20,20,0xDB1414
1,12,87,57,105,0x573969
1,13,150,175,153,0x96AF99
1,14,89,206,116,0x59CE74
1,15,246,236,219,0xF6ECDB
1,16,218,161,113,0xDAA171
1,17,236,152,20,0xEC9814
2,0,81,92,105,0x515C69
2,1,226,201,105,0xE2C969
2,2,19,155,191,0x139BBF
2,3,186,52,52,0xBA3434
2,4,104,141,151,0x688D97
2,5,42,194,19,0x2AC213
2,6,207,192,141,0xCFC08D
2,7,120,197,87,0x78C557
2,8,236,205,20,0xECCD14
2,9,220,239,234,0xDCEFEA
2,10,95,167,230,0x5FA7E6
2,11,194,22,21,0xC21615
2,12,81,51,97,0x513361
2,13,131,152,134,0x839886
2,14,87,200,131,0x57C883
2,15,242,225,196,0xF2E1C4
2,16,215,149,97,0xD79561
2,17,236,144,20,0xEC9014
3,0,67,76,87,0x434C57
3,1,224,193,102,0xE0C166
3,2,17,140,163,0x118CA3
3,3,176,56,56,0xB03838
3,4,88,120,130,0x587882
3,5,48,166,19,0x30A613
3,6,197,185,130,0xC5B982
3,7,109,182,74,0x6DB64A
3,8,236,194,20,0xECC214
3,9,206,238,235,0xCEEEEB
3,10,88,159,222,0x589FDE
3,11,166,23,22,0xA61716
3,12,74,42,88,0x4A2A58
3,13,110,126,112,0x6E7E70
3,14,84,193,148,0x54C194
3,15,236,213,170,0xECD5AA
3,16,209,136,78,0xD1884E
3,17,236,135,20,0xEC8714
4,0,53,61,70,0x353D46
4,1,223,186,100,0xDFBA64
4,2,17,128,140,0x11808C
4,3,165,58,59,0xA53A3B
4,4,76,103,111,0x4C676F
4,5,54,141,18,0x368D12
4,6,188,177,121,0xBCB179
4,7,99,169,63,0x63A93F
4,8,236,184,20,0xECB814
4,9,193,237,236,0xC1EDEC
4,10,80,151,213,0x5097D5
4,11,141,23,24,0x8D1718
4,12,68,34,80,0x442250
4,13,92,102,94,0x5C665E
4,14,82,188,164,0x52BCA4
4,15,231,202,148,0xE7CA94
4,16,205,125,61,0xCD7D3D
4,17,236,126,20,0xEC7E14