0,0,255,222,147,0xFFDE93
0,1,255,212,87,0xFFD457
0,2,255,192,19,0xFFC013
0,3,255,165,16,0xFFA510
0,4,255,119,10,0xFF770A
0,5,255,98,8,0xFF6208
0,6,233,67,0,0xE94300
0,7,186,26,0,0xBA1A00
0,8,160,11,0,0xA00B00
0,9,155,27,0,0x9B1B00
0,10,153,50,0,0x993200
0,11,155,75,0,0x9B4B00
0,12,127,58,0,0x7F3A00
0,13,80,27,0,0x501B00
0,14,55,16,0,0x371000
0,15,34,12,0,0x220C00
0,16,8,0,0,0x080000
0,17,18,18,18,0x121212
1,0,255,227,164,0xFFE3A4
1,1,255,219,108,0xFFDB6C
1,2,255,203,32,0xFFCB20
1,3,255,180,28,0xFFB41C
1,4,255,137,20,0xFF8914
1,5,255,116,17,0xFF7411
1,6,245,85,0,0xF55500
1,7,200,39,0,0xC82700
1,8,176,21,0,0xB01500
1,9,179,39,0,0xB32700
1,10,183,66,0,0xB74200
1,11,178,96,10,0xB2600A
1,12,152,78,8,0x984E08
1,13,104,44,6,0x682C06
1,14,79,28,4,0x4F1C04
1,15,53,22,4,0x351604
1,16,21,2,0,0x150200
1,17,46,46,46,0x2E2E2E
2,0,255,233,182,0xFFE9B6
2,1,255,227,132,0xFFE384
2,2,255,214,51,0xFFD633
2,3,255,195,46,0xFFC32E
2,4,255,158,36,0xFF9E24
2,5,255,139,31,0xFF8B1F
2,6,255,110,7,0xFF6E07
2,7,219,59,0,0xDB3B00
2,8,195,35,0,0xC32300
2,9,209,56,0,0xD13800
2,10,211,92,10,0xD35C0A
2,11,198,123,33,0xC67B21
2,12,174,104,29,0xAE681D
2,13,130,68,21,0x824415
2,14,106,49,16,0x6A3110
2,15,78,39,16,0x4E2710
2,16,42,3,0,0x2A0300
2,17,96,96,96,0x606060
3,0,255,240,196,0xFFF0C4
3,1,255,234,142,0xFFEA8E
3,2,255,202,48,0xFFCA30
3,3,255,202,48,0xFFCA30
3,4,255,165,37,0xFFA525
3,5,255,145,32,0xFF9120
3,6,255,116,18,0xFF7412
3,7,227,62,0,0xE33E00
3,8,203,37,0,0xCB2500
3,9,217,59,0,0xD93B00
3,10,219,95,10,0xDB5F0A
3,11,206,127,35,0xCE7F23
3,12,181,107,29,0xB56B1D
3,13,135,71,22,0x874716
3,14,111,50,16,0x6F3210
3,15,81,40,16,0x512810
3,16,70,6,0,0x460600
3,17,159,159,159,0x9F9F9F
4,0,255,252,209,0xFFFCD1
4,1,255,247,155,0xFFF79B
4,2,255,234,63,0xFFEA3F
4,3,255,215,56,0xFFD738
4,4,255,178,45,0xFFB22D
4,5,255,159,39,0xFF9F27
4,6,255,131,31,0xFF831F
4,7,244,71,0,0xF44700
4,8,217,45,0,0xD92D00
4,9,236,68,0,0xEC4400
4,10,233,107,19,0xE96B13
4,11,221,140,43,0xDD8C2B
4,12,196,119,38,0xC47726
4,13,149,82,28,0x95521C
4,14,124,60,23,0x7C3C17
4,15,93,49,21,0x5D3115
4,16,87,7,0,0x570700
4,17,196,196,196,0xC4C4C4