0,0,255,163,57,0xFFA339
0,1,255,202,108,0xFFCA6C
0,2,183,132,39,0xB78427
0,3,198,161,54,0xC6A136
0,4,126,66,38,0x7E4226
0,5,170,84,44,0xAA542C
0,6,84,93,40,0x545D28
0,7,115,128,48,0x738030
0,8,119,153,0,0x779900
0,9,155,199,0,0x9BC700
0,10,33,175,196,0x21AFC4
0,11,47,225,241,0x2FE1F1
0,12,65,140,135,0x418C87
0,13,79,182,183,0x4FB6B7
0,14,107,112,102,0x6B7066
0,15,155,155,136,0x9B9B88
0,16,80,73,65,0x504941
0,17,117,106,94,0x756A5E
1,0,255,152,43,0xFF982B
1,1,255,194,97,0xFFC261
1,2,179,123,35,0xB37B23
1,3,195,155,52,0xC39B34
1,4,115,61,36,0x733D24
1,5,160,80,42,0xA0502A
1,6,75,84,38,0x4B5426
1,7,108,120,46,0x6C782E
1,8,106,135,0,0x6A8700
1,9,144,186,0,0x90BA00
1,10,30,162,184,0x1EA2B8
1,11,44,214,231,0x2CD6E7
1,12,60,124,117,0x3C7C75
1,13,75,170,169,0x4BAAA9
1,14,95,101,94,0x5F655E
1,15,144,145,128,0x909180
1,16,68,64,57,0x444039
1,17,109,99,88,0x6D6358
2,0,255,141,30,0xFF8D1E
2,1,255,185,86,0xFFB956
2,2,174,115,31,0xAE731F
2,3,192,147,47,0xC0932F
2,4,105,56,35,0x693823
2,5,149,76,41,0x954C29
2,6,69,76,36,0x454C24
2,7,100,111,45,0x646F2D
2,8,94,119,0,0x5E7700
2,9,133,170,0,0x85AA00
2,10,28,150,174,0x1C96AE
2,11,40,201,220,0x28C9DC
2,12,56,110,101,0x386E65
2,13,71,155,153,0x479B99
2,14,84,91,86,0x545B56
2,15,132,135,120,0x848778
2,16,57,54,49,0x393631
2,17,99,90,80,0x635A50
3,0,255,131,18,0xFF8312
3,1,255,174,72,0xFFAE48
3,2,170,108,27,0xAA6C1B
3,3,188,140,44,0xBC8C2C
3,4,97,52,33,0x613421
3,5,137,70,39,0x894627
3,6,63,70,34,0x3F4622
3,7,91,102,42,0x5B662A
3,8,84,107,0,0x546B00
3,9,119,152,0,0x779800
3,10,24,141,166,0x188DA6
3,11,37,188,208,0x25BCD0
3,12,52,97,86,0x346156
3,13,65,140,135,0x418C87
3,14,76,83,80,0x4C5350
3,15,119,123,111,0x777B6F
3,16,37,37,33,0x252521
3,17,88,81,72,0x585148
4,0,255,123,8,0xFF7B08
4,1,255,163,58,0xFFA33A
4,2,168,101,24,0xA86518
4,3,183,131,39,0xB78327
4,4,91,50,32,0x5B3220
4,5,126,65,38,0x7E4126
4,6,58,65,33,0x3A4121
4,7,83,93,39,0x535D27
4,8,76,97,0,0x4C6100
4,9,106,136,0,0x6A8800
4,10,23,134,160,0x1786A0
4,11,33,174,196,0x21AEC4
4,12,49,89,77,0x31594D
4,13,60,125,117,0x3C7D75
4,14,69,77,75,0x454D4B
4,15,107,112,102,0x6B7066
4,16,31,32,29,0x1F201D
4,17,77,71,64,0x4D4740