0,0,222,0,0,0xDE0000
0,1,235,0,0,0xEB0000
0,2,247,0,0,0xF70000
0,3,255,121,9,0xFF7909
0,4,255,130,9,0xFF8209
0,5,255,137,10,0xFF890A
0,6,255,211,0,0xFFD300
0,7,255,220,0,0xFFDC00
0,8,255,227,0,0xFFE300
0,9,235,255,103,0xEBFF67
0,10,242,255,135,0xF2FF87
0,11,251,255,162,0xFBFFA2
0,12,164,213,108,0xA4D56C
0,13,171,225,124,0xABE17C
0,14,179,235,139,0xB3EB8B
0,15,114,158,97,0x729E61
0,16,122,171,108,0x7AAB6C
0,17,133,183,119,0x85B777
1,0,195,0,0,0xC30000
1,1,211,0,0,0xD30000
1,2,226,0,0,0xE20000
1,3,255,105,8,0xFF6908
1,4,255,115,9,0xFF7309
1,5,255,124,9,0xFF7C09
1,6,255,193,0,0xFFC100
1,7,255,204,0,0xFFCC00
1,8,255,214,0,0xFFD600
1,9,219,253,43,0xDBFD2B
1,10,227,255,81,0xE3FF51
1,11,237,255,114,0xEDFF72
1,12,147,195,74,0x93C34A
1,13,156,205,95,0x9CCD5F
1,14,166,218,113,0xA6DA71
1,15,97,139,78,0x618B4E
1,16,109,154,92,0x6D9A5C
1,17,120,167,105,0x78A769
2,0,167,0,0,0xA70000
2,1,184,0,0,0xB80000
2,2,201,0,0,0xC90000
2,3,255,87,7,0xFF5707
2,4,255,98,8,0xFF6208
2,5,255,108,8,0xFF6C08
2,6,255,173,0,0xFFAD00
2,7,255,185,0,0xFFB900
2,8,255,196,0,0xFFC400
2,9,200,251,0,0xC8FB00
2,10,213,253,17,0xD5FD11
2,11,223,253,55,0xDFFD37
2,12,133,181,39,0x85B527
2,13,140,189,60,0x8CBD3C
2,14,151,199,81,0x97C751
2,15,81,120,60,0x51783C
2,16,94,134,73,0x5E8649
2,17,105,149,87,0x699557
3,0,140,0,0,0x8C0000
3,1,156,0,0,0x9C0000
3,2,173,0,0,0xAD0000
3,3,255,70,6,0xFF4606
3,4,255,80,7,0xFF5007
3,5,255,91,7,0xFF5B07
3,6,255,156,0,0xFF9C00
3,7,255,166,0,0xFFA600
3,8,255,177,0,0xFFB100
3,9,185,250,0,0xB9FA00
3,10,195,250,0,0xC3FA00
3,11,202,251,0,0xCAFB00
3,12,122,168,5,0x7AA805
3,13,129,175,25,0x81AF19
3,14,138,185,46,0x8AB92E
3,15,67,104,45,0x43682D
3,16,77,115,56,0x4D7338
3,17,89,129,69,0x598145
4,0,118,0,0,0x760000
4,1,131,0,0,0x830000
4,2,146,0,0,0x920000
4,3,255,56,6,0xFF3806
4,4,255,64,6,0xFF4006
4,5,255,74,6,0xFF4A06
4,6,255,140,0,0xFF8C00
4,7,255,149,0,0xFF9500
4,8,255,160,0,0xFFA000
4,9,172,248,0,0xACF800
4,10,180,250,0,0xB4FA00
4,11,187,250,0,0xBBFA00
4,12,110,157,0,0x6E9D00
4,13,116,163,0,0x74A300
4,14,124,171,12,0x7CAB0C
4,15,60,92,35,0x3C5C23
4,16,65,100,41,0x416429
4,17,73,111,51,0x496F33