0,0,120,255,212,0x78FFD4
0,1,84,215,195,0x54D7C3
0,2,7,148,139,0x07948B
0,3,0,116,116,0x007474
0,4,0,95,99,0x005F63
0,5,0,59,71,0x003B47
0,6,1,42,57,0x012A39
0,7,1,36,49,0x012431
0,8,0,12,24,0x000C18
0,9,0,6,15,0x00060F
0,10,0,21,37,0x001525
0,11,0,132,174,0x0084AE
0,12,0,202,255,0x00CAFF
0,13,73,184,170,0x49B8AA
0,14,131,177,143,0x83B18F
0,15,177,174,126,0xB1AE7E
0,16,189,198,190,0xBDC6BE
0,17,195,215,232,0xC3D7E8
1,0,155,255,225,0x9BFFE1
1,1,116,225,209,0x74E1D1
1,2,30,172,165,0x1EACA5
1,3,1,145,145,0x019191
1,4,4,126,130,0x047E82
1,5,13,91,103,0x0D5B67
1,6,19,74,89,0x134A59
1,7,19,67,81,0x134351
1,8,15,38,53,0x0F2635
1,9,13,27,41,0x0D1B29
1,10,10,49,68,0x0A3144
1,11,2,159,193,0x029FC1
1,12,0,215,255,0x00D7FF
1,13,105,201,190,0x69C9BE
1,14,158,196,167,0x9EC4A7
1,15,196,193,153,0xC4C199
1,16,205,212,206,0xCDD4CE
1,17,210,225,238,0xD2E1EE
2,0,187,255,235,0xBBFFEB
2,1,140,232,220,0x8CE8DC
2,2,50,189,183,0x32BDB7
2,3,3,166,166,0x03A6A6
2,4,11,149,153,0x0B9599
2,5,27,117,128,0x1B7580
2,6,36,100,115,0x246473
2,7,35,92,107,0x235C6B
2,8,29,60,77,0x1D3C4D
2,9,27,46,64,0x1B2E40
2,10,22,73,93,0x16495D
2,11,7,178,206,0x07B2CE
2,12,0,224,255,0x00E0FF
2,13,130,213,204,0x82D5CC
2,14,177,209,185,0xB1D1B9
2,15,209,206,173,0xD1CEAD
2,16,216,222,217,0xD8DED9
2,17,220,232,242,0xDCE8F2
3,0,206,255,249,0xCEFFF9
3,1,155,236,226,0x9BECE2
3,2,66,199,194,0x42C7C2
3,3,6,179,179,0x06B3B3
3,4,19,164,167,0x13A4A7
3,5,40,134,144,0x288690
3,6,51,118,132,0x337684
3,7,49,110,124,0x316E7C
3,8,42,77,95,0x2A4D5F
3,9,40,62,81,0x283E51
3,10,34,91,111,0x225B6F
3,11,13,189,214,0x0DBDD6
3,12,0,229,255,0x00E5FF
3,13,146,220,212,0x92DCD4
3,14,189,216,196,0xBDD8C4
3,15,216,214,185,0xD8D6B9
3,16,222,227,223,0xDEE3DF
3,17,226,236,244,0xE2ECF4
4,0,213,253,255,0xD5FDFF
4,1,167,255,245,0xA7FFF5
4,2,71,215,210,0x47D7D2
4,3,6,193,193,0x06C1C1
4,4,21,177,180,0x15B1B4
4,5,43,145,156,0x2B919C
4,6,55,128,143,0x37808F
4,7,53,119,134,0x357786
4,8,45,83,103,0x2D5367
4,9,43,67,88,0x2B4358
4,10,37,98,120,0x256278
4,11,14,204,231,0x0ECCE7
4,12,0,247,255,0x00F7FF
4,13,158,238,229,0x9EEEE5
4,14,204,233,212,0xCCE9D4
4,15,233,231,200,0xE9E7C8
4,16,240,245,241,0xF0F5F1
4,17,244,255,255,0xF4FFFF