0,0,31,142,0,0x1F8E00
0,1,47,166,0,0x2FA600
0,2,65,193,0,0x41C100
0,3,82,218,0,0x52DA00
0,4,96,240,0,0x60F000
0,5,104,228,10,0x68E40A
0,6,222,2,196,0xDE02C4
0,7,201,4,187,0xC904BB
0,8,156,7,167,0x9C07A7
0,9,134,9,159,0x86099F
0,10,98,12,143,0x620C8F
0,11,83,11,136,0x530B88
0,12,0,5,124,0x00057C
0,13,0,4,153,0x000499
0,14,0,3,184,0x0003B8
0,15,0,2,213,0x0002D5
0,16,0,1,237,0x0001ED
0,17,1,4,255,0x0104FF
1,0,27,134,0,0x1B8600
1,1,42,158,0,0x2A9E00
1,2,60,184,0,0x3CB800
1,3,76,210,0,0x4CD200
1,4,92,233,0,0x5CE900
1,5,125,196,38,0x7DC426
1,6,231,2,200,0xE702C8
1,7,213,3,192,0xD503C0
1,8,169,6,174,0xA906AE
1,9,146,8,164,0x9208A4
1,10,107,12,147,0x6B0C93
1,11,72,11,131,0x480B83
1,12,0,5,116,0x000574
1,13,0,4,143,0x00048F
1,14,0,3,173,0x0003AD
1,15,0,2,203,0x0002CB
1,16,0,1,230,0x0001E6
1,17,12,29,255,0x0C1DFF
2,0,22,128,0,0x168000
2,1,37,150,0,0x259600
2,2,53,175,0,0x35AF00
2,3,70,202,0,0x46CA00
2,4,87,226,0,0x57E200
2,5,153,154,75,0x999A4B
2,6,242,1,204,0xF201CC
2,7,224,2,196,0xE002C4
2,8,182,5,179,0xB605B3
2,9,159,7,169,0x9F07A9
2,10,117,11,151,0x750B97
2,11,61,10,126,0x3D0A7E
2,12,0,6,108,0x00066C
2,13,0,5,133,0x000585
2,14,0,4,163,0x0004A3
2,15,0,3,193,0x0003C1
2,16,0,1,222,0x0001DE
2,17,26,63,255,0x1A3FFF
3,0,19,122,0,0x137A00
3,1,31,142,0,0x1F8E00
3,2,47,167,0,0x2FA700
3,3,65,193,0,0x41C100
3,4,82,218,0,0x52DA00
3,5,183,109,116,0xB76D74
3,6,248,1,207,0xF801CF
3,7,234,1,201,0xEA01C9
3,8,194,5,185,0xC205B9
3,9,172,6,175,0xAC06AF
3,10,128,9,156,0x80099C
3,11,49,9,120,0x310978
3,12,0,6,101,0x000665
3,13,0,5,125,0x00057D
3,14,0,4,152,0x000498
3,15,0,3,183,0x0003B7
3,16,0,2,212,0x0002D4
3,17,42,100,255,0x2A64FF
4,0,15,117,0,0x0F7500
4,1,26,134,0,0x1A8600
4,2,42,158,0,0x2A9E00
4,3,59,184,0,0x3BB800
4,4,77,210,0,0x4DD200
4,5,213,64,154,0xD5409A
4,6,255,0,210,0xFF00D2
4,7,244,1,205,0xF401CD
4,8,207,4,189,0xCF04BD
4,9,185,6,181,0xB906B5
4,10,140,9,161,0x8C09A1
4,11,37,8,114,0x250872
4,12,0,6,96,0x000660
4,13,0,6,116,0x000674
4,14,0,4,143,0x00048F
4,15,0,4,173,0x0004AD
4,16,0,2,204,0x0002CC
4,17,56,132,255,0x3884FF