0,0,130,125,211,0x827DD3
0,1,136,130,216,0x8882D8
0,2,126,124,144,0x7E7C90
0,3,131,130,150,0x838296
0,4,104,102,131,0x686683
0,5,112,110,140,0x706E8C
0,6,68,82,126,0x44527E
0,7,70,84,128,0x465480
0,8,62,70,97,0x3E4661
0,9,65,73,99,0x414963
0,10,160,157,222,0xA09DDE
0,11,167,163,230,0xA7A3E6
0,12,191,146,195,0xBF92C3
0,13,197,152,201,0xC598C9
0,14,108,121,174,0x6C79AE
0,15,111,125,179,0x6F7DB3
0,16,152,224,230,0x98E0E6
0,17,157,231,235,0x9DE7EB
1,0,107,102,192,0x6B66C0
1,1,117,112,200,0x7570C8
1,2,107,106,126,0x6B6A7E
1,3,116,114,134,0x747286
1,4,86,84,110,0x56546E
1,5,95,93,122,0x5F5D7A
1,6,61,75,118,0x3D4B76
1,7,64,78,121,0x404E79
1,8,55,62,93,0x373E5D
1,9,59,66,95,0x3B425F
1,10,136,133,190,0x8885BE
1,11,145,143,203,0x918FCB
1,12,170,129,176,0xAA81B0
1,13,179,137,184,0xB389B8
1,14,99,112,161,0x6370A1
1,15,103,117,168,0x6775A8
1,16,133,199,212,0x85C7D4
1,17,141,210,220,0x8DD2DC
2,0,80,76,170,0x504CAA
2,1,92,87,179,0x5C57B3
2,2,86,85,103,0x565567
2,3,95,93,112,0x5F5D70
2,4,64,62,87,0x403E57
2,5,75,73,99,0x4B4963
2,6,53,66,107,0x35426B
2,7,56,70,112,0x384670
2,8,47,53,89,0x2F3559
2,9,52,58,91,0x343A5B
2,10,108,106,153,0x6C6A99
2,11,119,117,167,0x7775A7
2,12,146,107,153,0x926B99
2,13,156,116,163,0x9C74A3
2,14,88,101,145,0x586591
2,15,92,105,151,0x5C6997
2,16,109,170,190,0x6DAABE
2,17,118,182,200,0x76B6C8
3,0,54,51,149,0x363395
3,1,65,62,158,0x413E9E
3,2,63,61,81,0x3F3D51
3,3,73,71,90,0x49475A
3,4,45,43,65,0x2D2B41
3,5,54,52,76,0x36344C
3,6,43,56,96,0x2B3860
3,7,46,60,100,0x2E3C64
3,8,40,46,83,0x282E53
3,9,43,50,86,0x2B3256
3,10,78,77,114,0x4E4D72
3,11,90,89,129,0x5A5981
3,12,122,85,131,0x7A5583
3,13,132,94,140,0x845E8C
3,14,76,88,128,0x4C5880
3,15,81,93,135,0x515D87
3,16,85,140,168,0x558CA8
3,17,94,151,176,0x5E97B0
4,0,30,28,130,0x1E1C82
4,1,39,36,137,0x272489
4,2,44,42,62,0x2C2A3E
4,3,52,50,70,0x343246
4,4,32,30,51,0x201E33
4,5,37,35,57,0x252339
4,6,36,49,88,0x243158
4,7,38,52,91,0x26345B
4,8,36,41,81,0x242951
4,9,38,43,82,0x262B52
4,10,53,53,81,0x353551
4,11,63,62,93,0x3F3E5D
4,12,101,66,112,0x654270
4,13,109,74,119,0x6D4A77
4,14,67,78,114,0x434E72
4,15,70,82,119,0x465277
4,16,65,113,149,0x417195
4,17,72,123,156,0x487B9C