0,0,96,93,85,0x605D55
0,1,107,104,94,0x6B685E
0,2,184,164,141,0xB8A48D
0,3,186,166,143,0xBAA68F
0,4,154,146,51,0x9A9233
0,5,165,156,58,0xA59C3A
0,6,225,209,11,0xE1D10B
0,7,253,211,30,0xFDD31E
0,8,255,185,10,0xFFB90A
0,9,254,189,23,0xFEBD17
0,10,238,238,218,0xEEEEDA
0,11,240,240,222,0xF0F0DE
0,12,84,201,219,0x54C9DB
0,13,79,203,221,0x4FCBDD
0,14,10,182,229,0x0AB6E5
0,15,22,187,231,0x16BBE7
0,16,58,133,190,0x3A85BE
0,17,48,158,202,0x309ECA
1,0,106,103,93,0x6A675D
1,1,120,117,107,0x78756B
1,2,186,166,144,0xBAA690
1,3,190,171,148,0xBEAB94
1,4,166,157,60,0xA69D3C
1,5,179,171,71,0xB3AB47
1,6,253,212,34,0xFDD422
1,7,251,216,62,0xFBD83E
1,8,253,190,26,0xFDBE1A
1,9,252,194,46,0xFCC22E
1,10,240,240,223,0xF0F0DF
1,11,242,241,228,0xF2F1E4
1,12,76,206,223,0x4CCEDF
1,13,69,208,225,0x45D0E1
1,14,23,187,232,0x17BBE8
1,15,39,195,234,0x27C3EA
1,16,45,154,197,0x2D9AC5
1,17,52,177,212,0x34B1D4
2,0,118,116,106,0x76746A
2,1,135,132,119,0x878477
2,2,190,171,148,0xBEAB94
2,3,194,176,154,0xC2B09A
2,4,181,172,73,0xB5AC49
2,5,196,188,85,0xC4BC55
2,6,251,217,66,0xFBD942
2,7,249,221,98,0xF9DD62
2,8,251,195,49,0xFBC331
2,9,249,200,71,0xF9C847
2,10,242,242,228,0xF2F2E4
2,11,244,244,234,0xF4F4EA
2,12,65,210,228,0x41D2E4
2,13,58,212,232,0x3AD4E8
2,14,41,196,235,0x29C4EB
2,15,59,204,239,0x3BCCEF
2,16,54,174,210,0x36AED2
2,17,45,199,222,0x2DC7DE
3,0,133,131,118,0x858376
3,1,148,147,133,0x949385
3,2,195,176,155,0xC3B09B
3,3,199,180,160,0xC7B4A0
3,4,200,190,86,0xC8BE56
3,5,216,206,100,0xD8CE64
3,6,248,221,103,0xF8DD67
3,7,246,226,136,0xF6E288
3,8,249,201,74,0xF9C94A
3,9,247,206,98,0xF7CE62
3,10,246,244,236,0xF6F4EC
3,11,248,248,240,0xF8F8F0
3,12,54,216,233,0x36D8E9
3,13,47,220,237,0x2FDCED
3,14,62,205,239,0x3ECDEF
3,15,82,212,242,0x52D4F2
3,16,46,194,221,0x2EC2DD
3,17,22,231,238,0x16E7EE
4,0,147,146,131,0x939283
4,1,161,159,145,0xA19F91
4,2,200,180,161,0xC8B4A1
4,3,204,184,165,0xCCB8A5
4,4,218,208,102,0xDAD066
4,5,234,224,115,0xEAE073
4,6,246,227,140,0xF6E38C
4,7,244,231,172,0xF4E7AC
4,8,247,206,101,0xF7CE65
4,9,245,211,123,0xF5D37B
4,10,249,249,241,0xF9F9F1
4,11,251,251,247,0xFBFBF7
4,12,43,221,239,0x2BDDEF
4,13,36,225,240,0x24E1F0
4,14,84,214,243,0x54D6F3
4,15,102,222,247,0x66DEF7
4,16,38,216,230,0x26D8E6
4,17,14,255,249,0x0EFFF9