0,0,225,17,21,0xE11115
0,1,223,18,23,0xDF1217
0,2,220,19,24,0xDC1318
0,3,216,20,27,0xD8141B
0,4,212,22,29,0xD4161D
0,5,208,23,33,0xD01721
0,6,204,25,36,0xCC1924
0,7,199,27,38,0xC71B26
0,8,194,28,42,0xC21C2A
0,9,190,30,44,0xBE1E2C
0,10,186,32,47,0xBA202F
0,11,183,32,49,0xB72031
0,12,180,33,51,0xB42133
0,13,54,66,141,0x36428D
0,14,52,67,148,0x344394
0,15,50,68,155,0x32449B
0,16,49,69,161,0x3145A1
0,17,48,70,166,0x3046A6
1,0,254,255,255,0xFEFFFF
1,1,253,253,255,0xFDFDFF
1,2,250,252,255,0xFAFCFF
1,3,248,250,254,0xF8FAFE
1,4,245,249,254,0xF5F9FE
1,5,242,246,253,0xF2F6FD
1,6,239,244,252,0xEFF4FC
1,7,236,242,252,0xECF2FC
1,8,233,241,252,0xE9F1FC
1,9,230,238,252,0xE6EEFC
1,10,227,236,251,0xE3ECFB
1,11,224,235,250,0xE0EBFA
1,12,223,233,251,0xDFE9FB
1,13,55,64,131,0x374083
1,14,54,65,139,0x36418B
1,15,52,67,146,0x344392
1,16,50,67,153,0x324399
1,17,50,69,160,0x3245A0
2,0,225,17,21,0xE11115
2,1,224,17,22,0xE01116
2,2,222,18,23,0xDE1217
2,3,218,20,25,0xDA1419
2,4,214,21,28,0xD6151C
2,5,210,22,31,0xD2161F
2,6,206,24,34,0xCE1822
2,7,201,25,36,0xC91924
2,8,197,28,40,0xC51C28
2,9,192,29,43,0xC01D2B
2,10,188,30,45,0xBC1E2D
2,11,184,32,48,0xB82030
2,12,181,33,50,0xB52132
2,13,57,62,123,0x393E7B
2,14,56,63,131,0x383F83
2,15,54,65,138,0x36418A
2,16,53,66,145,0x354291
2,17,51,67,151,0x334397
3,0,255,255,255,0xFFFFFF
3,1,254,254,255,0xFEFEFF
3,2,252,253,254,0xFCFDFE
3,3,249,251,254,0xF9FBFE
3,4,247,249,254,0xF7F9FE
3,5,245,248,253,0xF5F8FD
3,6,241,246,253,0xF1F6FD
3,7,239,244,253,0xEFF4FD
3,8,235,242,252,0xEBF2FC
3,9,233,240,252,0xE9F0FC
3,10,230,238,251,0xE6EEFB
3,11,227,236,251,0xE3ECFB
3,12,224,235,251,0xE0EBFB
3,13,59,60,117,0x3B3C75
3,14,57,62,122,0x393E7A
3,15,56,63,129,0x383F81
3,16,54,64,135,0x364087
3,17,53,65,143,0x35418F
4,0,225,17,21,0xE11115
4,1,225,17,21,0xE11115
4,2,223,17,23,0xDF1117
4,3,219,19,25,0xDB1319
4,4,217,20,27,0xD9141B
4,5,213,22,29,0xD5161D
4,6,207,23,33,0xCF1721
4,7,203,25,35,0xCB1923
4,8,199,27,38,0xC71B26
4,9,194,28,41,0xC21C29
4,10,189,30,45,0xBD1E2D
4,11,186,31,47,0xBA1F2F
4,12,182,32,50,0xB62032
4,13,60,59,111,0x3C3B6F
4,14,59,60,115,0x3B3C73
4,15,58,61,120,0x3A3D78
4,16,56,62,127,0x383E7F
4,17,55,64,133,0x374085