0,0,221,222,222,0xDDDEDE
0,1,203,205,205,0xCBCDCD
0,2,189,192,192,0xBDC0C0
0,3,174,177,178,0xAEB1B2
0,4,163,166,167,0xA3A6A7
0,5,155,157,159,0x9B9D9F
0,6,140,144,145,0x8C9091
0,7,118,122,123,0x767A7B
0,8,101,104,105,0x656869
0,9,77,81,84,0x4D5154
0,10,64,66,67,0x404243
0,11,47,49,50,0x2F3132
0,12,31,34,34,0x1F2222
0,13,15,17,17,0x0F1111
0,14,7,11,11,0x070B0B
0,15,6,7,7,0x060707
0,16,3,4,4,0x030404
0,17,0,0,0,0x000000
1,0,224,226,226,0xE0E2E2
1,1,210,211,211,0xD2D3D3
1,2,196,199,199,0xC4C7C7
1,3,183,185,185,0xB7B9B9
1,4,167,170,171,0xA7AAAB
1,5,160,162,163,0xA0A2A3
1,6,146,149,150,0x929596
1,7,125,128,129,0x7D8081
1,8,107,110,112,0x6B6E70
1,9,86,90,91,0x565A5B
1,10,70,74,76,0x464A4C
1,11,55,59,60,0x373B3C
1,12,40,43,44,0x282B2C
1,13,23,26,26,0x171A1A
1,14,19,21,21,0x131515
1,15,15,17,17,0x0F1111
1,16,11,12,12,0x0B0C0C
1,17,10,11,11,0x0A0B0B
2,0,228,229,229,0xE4E5E5
2,1,216,217,217,0xD8D9D9
2,2,203,205,205,0xCBCDCD
2,3,190,193,193,0xBEC1C1
2,4,177,179,179,0xB1B3B3
2,5,163,166,167,0xA3A6A7
2,6,150,153,154,0x96999A
2,7,128,132,133,0x808485
2,8,112,116,117,0x707475
2,9,91,95,96,0x5B5F60
2,10,76,79,81,0x4C4F51
2,11,61,64,65,0x3D4041
2,12,46,48,49,0x2E3031
2,13,28,31,31,0x1C1F1F
2,14,24,26,26,0x181A1A
2,15,18,21,21,0x121515
2,16,16,17,17,0x101111
2,17,13,15,15,0x0D0F0F
3,0,239,240,240,0xEFF0F0
3,1,228,229,229,0xE4E5E5
3,2,215,216,216,0xD7D8D8
3,3,201,204,204,0xC9CCCC
3,4,188,190,190,0xBCBEBE
3,5,173,176,177,0xADB0B1
3,6,159,161,162,0x9FA1A2
3,7,137,141,143,0x898D8F
3,8,120,125,126,0x787D7E
3,9,98,104,105,0x626869
3,10,84,87,88,0x545758
3,11,65,68,70,0x414446
3,12,51,53,54,0x333536
3,13,33,35,36,0x212324
3,14,27,30,30,0x1B1E1E
3,15,22,24,24,0x161818
3,16,20,21,21,0x141515
3,17,17,18,18,0x111212
4,0,249,249,249,0xF9F9F9
4,1,239,240,240,0xEFF0F0
4,2,224,226,226,0xE0E2E2
4,3,211,212,212,0xD3D4D4
4,4,195,198,198,0xC3C6C6
4,5,181,183,183,0xB5B7B7
4,6,166,168,170,0xA6A8AA
4,7,146,149,150,0x929596
4,8,128,132,133,0x808485
4,9,105,109,111,0x696D6F
4,10,87,91,92,0x575B5C
4,11,72,76,77,0x484C4D
4,12,54,58,59,0x363A3B
4,13,36,39,41,0x242729
4,14,30,32,32,0x1E2020
4,15,24,27,27,0x181B1B
4,16,21,22,22,0x151616
4,17,18,20,20,0x121414