0,0,223,64,25,0xDF4019
0,1,230,99,50,0xE66332
0,2,239,165,94,0xEFA55E
0,3,245,199,116,0xF5C774
0,4,222,183,111,0xDEB76F
0,5,151,139,99,0x978B63
0,6,93,103,85,0x5D6755
0,7,66,74,69,0x424A45
0,8,18,28,33,0x121C21
0,9,0,2,10,0x00020A
0,10,16,0,7,0x100007
0,11,56,0,1,0x380001
0,12,77,0,0,0x4D0000
0,13,79,10,1,0x4F0A01
0,14,103,72,0,0x674800
0,15,93,92,20,0x5D5C14
0,16,174,139,0,0xAE8B00
0,17,255,170,0,0xFFAA00
1,0,228,91,57,0xE45B39
1,1,233,120,78,0xE9784E
1,2,241,177,115,0xF1B173
1,3,246,207,135,0xF6CF87
1,4,226,193,131,0xE2C183
1,5,166,156,120,0xA69C78
1,6,116,124,109,0x747C6D
1,7,92,99,94,0x5C635E
1,8,50,58,63,0x323A3F
1,9,27,37,48,0x1B2530
1,10,53,29,40,0x351D28
1,11,83,33,36,0x532124
1,12,101,32,32,0x652020
1,13,103,44,36,0x672C24
1,14,132,101,26,0x84651A
1,15,115,114,52,0x737234
1,16,185,155,23,0xB99B17
1,17,255,182,0,0xFFB600
2,0,229,102,71,0xE56647
2,1,235,131,90,0xEB835A
2,2,243,182,125,0xF3B67D
2,3,247,211,144,0xF7D390
2,4,228,198,140,0xE4C68C
2,5,172,162,130,0xACA282
2,6,125,132,119,0x7D8477
2,7,103,110,105,0x676E69
2,8,64,72,77,0x40484D
2,9,43,51,63,0x2B333F
2,10,68,45,55,0x442D37
2,11,95,49,51,0x5F3133
2,12,112,48,48,0x703030
2,13,114,59,51,0x723B33
2,14,141,112,43,0x8D702B
2,15,125,124,66,0x7D7C42
2,16,190,162,39,0xBEA227
2,17,255,201,12,0xFFC90C
3,0,248,111,77,0xF86F4D
3,1,254,141,97,0xFE8D61
3,2,255,197,143,0xFFC58F
3,3,255,225,167,0xFFE1A7
3,4,246,214,151,0xF6D697
3,5,186,176,140,0xBAB08C
3,6,135,142,129,0x878E81
3,7,111,119,114,0x6F7772
3,8,69,79,84,0x454F54
3,9,47,55,68,0x2F3744
3,10,73,49,60,0x49313C
3,11,103,53,55,0x673537
3,12,121,52,52,0x793434
3,13,123,64,55,0x7B4037
3,14,152,119,46,0x98772E
3,15,135,134,71,0x878647
3,16,205,175,42,0xCDAF2A
3,17,255,217,13,0xFFD90D
4,0,255,137,106,0xFF896A
4,1,255,169,134,0xFFA986
4,2,255,217,179,0xFFD9B3
4,3,255,241,196,0xFFF1C4
4,4,255,231,181,0xFFE7B5
4,5,205,197,159,0xCDC59F
4,6,155,163,148,0x9BA394
4,7,130,138,133,0x828A85
4,8,85,96,101,0x556065
4,9,60,68,83,0x3C4453
4,10,89,63,76,0x593F4C
4,11,121,67,69,0x794345
4,12,140,66,66,0x8C4242
4,13,142,79,69,0x8E4F45
4,14,173,140,60,0xAD8C3C
4,15,154,153,87,0x9A9957
4,16,224,194,54,0xE0C236
4,17,255,235,19,0xFFEB13