0,0,220,204,154,0xDCCC9A
0,1,108,108,108,0x6C6C6C
0,2,188,158,101,0xBC9E65
0,3,179,179,179,0xB3B3B3
0,4,255,255,255,0xFFFFFF
0,5,176,189,184,0xB0BDB8
0,6,97,123,145,0x617B91
0,7,131,152,176,0x8398B0
0,8,233,228,218,0xE9E4DA
0,9,128,128,128,0x808080
0,10,236,228,218,0xECE4DA
0,11,158,143,101,0x9E8F65
0,12,114,138,156,0x728A9C
0,13,250,77,64,0xFA4D40
0,14,78,73,71,0x4E4947
0,15,120,133,136,0x788588
0,16,65,103,92,0x41675C
0,17,93,101,114,0x5D6572
1,0,131,104,79,0x83684F
1,1,86,123,141,0x567B8D
1,2,186,186,186,0xBABABA
1,3,83,83,83,0x535353
1,4,69,125,158,0x457D9E
1,5,125,111,101,0x7D6F65
1,6,123,189,215,0x7BBDD7
1,7,79,84,97,0x4F5461
1,8,125,136,148,0x7D8894
1,9,65,66,62,0x41423E
1,10,66,83,78,0x42534E
1,11,75,101,117,0x4B6575
1,12,232,233,210,0xE8E9D2
1,13,148,143,141,0x948F8D
1,14,236,117,70,0xEC7546
1,15,78,75,70,0x4E4B46
1,16,145,111,79,0x916F4F
1,17,246,242,228,0xF6F2E4
2,0,145,154,156,0x919A9C
2,1,208,208,208,0xD0D0D0
2,2,125,123,120,0x7D7B78
2,3,104,104,104,0x686868
2,4,93,108,111,0x5D6C6F
2,5,39,120,131,0x277883
2,6,111,79,59,0x6F4F3B
2,7,120,120,128,0x787880
2,8,160,111,80,0xA06F50
2,9,84,188,176,0x54BCB0
2,10,31,45,60,0x1F2D3C
2,11,234,205,117,0xEACD75
2,12,82,79,75,0x524F4B
2,13,101,97,93,0x65615D
2,14,12,189,176,0x0CBDB0
2,15,198,101,80,0xC66550
2,16,93,97,83,0x5D6153
2,17,108,179,247,0x6CB3F7
3,0,1,179,108,0x01B36C
3,1,248,207,111,0xF8CF6F
3,2,247,120,15,0xF7780F
3,3,154,43,35,0x9A2B23
3,4,196,179,136,0xC4B388
3,5,181,69,66,0xB54542
3,6,46,255,241,0x2EFFF1
3,7,104,55,60,0x68373C
3,8,138,133,128,0x8A8580
3,9,49,184,145,0x31B891
3,10,233,251,16,0xE9FB10
3,11,186,186,186,0xBABABA
3,12,170,141,156,0xAA8D9C
3,13,64,133,202,0x4085CA
3,14,247,232,183,0xF7E8B7
3,15,248,228,194,0xF8E4C2
3,16,193,138,61,0xC18A3D
3,17,232,125,150,0xE87D96
4,0,63,123,193,0x3F7BC1
4,1,6,70,97,0x064661
4,2,255,114,1,0xFF7201
4,3,1,88,255,0x0158FF
4,4,2,52,183,0x0234B7
4,5,255,255,255,0xFFFFFF
4,6,72,218,225,0x48DAE1
4,7,255,138,1,0xFF8A01
4,8,1,75,191,0x014BBF
4,9,1,88,255,0x0158FF
4,10,1,184,255,0x01B8FF
4,11,0,97,242,0x0061F2
4,12,70,13,174,0x460DAE
4,13,0,93,253,0x005DFD
4,14,253,104,46,0xFD682E
4,15,40,13,174,0x280DAE
4,16,244,0,0,0xF40000
4,17,128,183,226,0x80B7E2