0,0,120,71,18,0x784712
0,1,164,139,118,0xA48B76
0,2,220,207,127,0xDCCF7F
0,3,231,219,187,0xE7DBBB
0,4,210,180,140,0xD2B48C
0,5,245,222,179,0xF5DEB3
0,6,194,178,128,0xC2B280
0,7,224,166,93,0xE0A65D
0,8,204,119,34,0xCC7722
0,9,183,145,248,0xB791F8
0,10,205,159,227,0xCD9FE3
0,11,187,112,225,0xBB70E1
0,12,181,175,248,0xB5AFF8
0,13,170,93,227,0xAA5DE3
0,14,126,10,199,0x7E0AC7
0,15,95,10,199,0x5F0AC7
0,16,158,22,225,0x9E16E1
0,17,176,70,227,0xB046E3
1,0,104,59,19,0x683B13
1,1,132,109,91,0x846D5B
1,2,192,173,108,0xC0AD6C
1,3,209,181,137,0xD1B589
1,4,198,164,121,0xC6A479
1,5,224,201,156,0xE0C99C
1,6,177,167,117,0xB1A775
1,7,215,143,79,0xD78F4F
1,8,195,101,34,0xC36522
1,9,167,126,233,0xA77EE9
1,10,189,148,220,0xBD94DC
1,11,160,96,192,0xA060C0
1,12,161,152,222,0xA198DE
1,13,144,84,202,0x9054CA
1,14,112,14,193,0x700EC1
1,15,81,13,183,0x510DB7
1,16,134,16,192,0x8610C0
1,17,142,52,187,0x8E34BB
2,0,86,47,19,0x562F13
2,1,97,74,60,0x614A3C
2,2,159,135,87,0x9F8757
2,3,186,139,83,0xBA8B53
2,4,179,140,94,0xB38C5E
2,5,194,170,123,0xC2AA7B
2,6,153,151,102,0x999766
2,7,202,112,59,0xCA703B
2,8,181,74,33,0xB54A21
2,9,144,97,212,0x9061D4
2,10,165,133,209,0xA585D1
2,11,129,78,155,0x814E9B
2,12,133,121,187,0x8579BB
2,13,116,74,174,0x744AAE
2,14,92,20,183,0x5C14B7
2,15,59,18,159,0x3B129F
2,16,107,10,155,0x6B0A9B
2,17,106,31,142,0x6A1F8E
3,0,70,35,20,0x462314
3,1,65,44,33,0x412C21
3,2,131,101,68,0x836544
3,3,164,101,33,0xA46521
3,4,159,113,63,0x9F713F
3,5,159,136,86,0x9F8856
3,6,126,133,84,0x7E8554
3,7,188,78,38,0xBC4E26
3,8,167,45,33,0xA72D21
3,9,118,65,188,0x7641BC
3,10,138,116,197,0x8A74C5
3,11,102,61,122,0x663D7A
3,12,104,87,149,0x685795
3,13,90,64,149,0x5A4095
3,14,70,26,173,0x461AAD
3,15,36,23,132,0x241784
3,16,83,4,122,0x53047A
3,17,72,13,102,0x480D66
4,0,59,27,20,0x3B1B14
4,1,43,23,14,0x2B170E
4,2,111,78,55,0x6F4E37
4,3,150,75,0,0x964B00
4,4,140,89,36,0x8C5924
4,5,129,105,53,0x816935
4,6,102,117,69,0x667545
4,7,176,48,20,0xB03014
4,8,153,18,32,0x991220
4,9,95,36,167,0x5F24A7
4,10,114,101,186,0x7265BA
4,11,83,50,99,0x533263
4,12,77,57,116,0x4D3974
4,13,72,58,132,0x483A84
4,14,49,32,163,0x3120A3
4,15,14,28,108,0x0E1C6C
4,16,67,0,100,0x430064
4,17,50,0,74,0x32004A